27,144,12,232
46,53,117,462
246,70,322,40
54,316,111,438
413,140,306,28
331,198,440,138
189,286,354,78
335,274,491,368
173,393,107,174
23,477,273,325
288,317,222,293
312,469,78,255
127,88,208,170
474,254,343,244
130,474,70,111
349,286,362,254
371,413,79,177
263,285,64,263
357,137,50,338
311,143,128,111
30,231,429,426
177,391,230,278
454,12,234,203
43,223,336,439
241,423,232,150
250,446,121,206
59,167,21,25
43,288,145,112
494,130,46,180
30,381,196,127
348,182,221,257
56,71,181,151
92,155,413,386
14,463,199,72
120,410,144,155
192,222,327,394
363,165,55,491
79,167,149,169
187,497,28,88
194,185,431,1
252,85,228,270
200,34,248,376
283,169,444,225
129,498,331,387
246,140,12,303
223,347,311,207
145,401,66,441
254,194,376,299
471,490,346,330
130,42,6,15
92,25,18,80
411,464,116,420
159,168,499,401
448,121,78,121
168,327,441,77
317,331,157,234
429,153,57,395
347,324,139,286
228,39,478,497
32,288,67,451
354,242,243,98
169,379,75,22
349,420,189,463
418,474,137,245
51,182,389,54
456,308,401,298
30,93,253,359
489,283,80,129
212,169,101,98
361,204,82,121
37,179,217,169
220,220,417,396
95,70,248,312
63,198,7,432
364,184,471,262
487,427,242,104
46,366,414,135
272,341,262,396
57,213,288,398
355,420,7,178
217,274,448,483
287,117,34,332
362,321,428,219
463,71,367,467
40,35,27,44
397,242,30,398
267,345,102,367
298,283,4,70
326,12,355,93
235,264,410,349
392,0,440,88
490,396,468,250
452,489,209,83
409,310,171,475
222,261,354,283
112,133,367,464
146,80,388,112
100,315,291,58
158,207,409,236
256,258,142,21
268,231,33,302
372,375,55,164
433,425,224,442
103,106,184,242
217,346,35,484
65,435,207,263
312,286,103,340
43,74,107,112
66,19,478,420
150,345,272,316
115,9,213,127
158,372,360,438
369,424,254,336
173,328,328,483
144,370,254,339
349,313,99,280
218,440,99,253
104,397,313,301
353,309,6,444
266,452,448,259
350,48,387,38
244,323,363,466
187,35,378,251
429,280,390,426
190,477,195,175
369,214,366,2
8,385,129,158
75,18,392,181
40,128,82,356
219,399,129,138
280,266,189,355
321,174,382,406
438,74,460,481
408,433,214,242
128,447,317,431
259,213,287,350
323,333,436,470
8,18,99,300
395,69,343,328
158,329,195,192
102,91,332,281
24,34,269,423
207,353,100,110
254,134,116,479
394,487,308,369
62,250,327,309
279,191,191,328
187,243,284,359
447,400,156,228
291,37,354,382
346,339,497,205
435,24,242,142
143,483,304,85
68,13,261,228
342,66,361,335
33,115,168,473
37,59,36,16
193,22,136,159
242,211,272,423
200,67,250,458
399,159,309,49
218,171,390,225
270,141,443,262
33,54,194,83
356,314,15,339
329,300,180,99
472,219,150,47
328,308,119,464
232,480,385,113
290,31,54,280
149,499,425,439
342,474,21,248
348,444,235,32
9,74,456,198
91,335,423,58
453,267,111,290
31,310,166,168
311,448,498,163
306,385,32,127
451,40,483,74
339,296,39,254
223,322,424,108
133,213,324,419
264,421,279,258
263,397,244,24
342,213,76,355
95,446,12,250
334,63,88,255
46,29,105,353
418,333,37,420
330,170,82,359
245,227,152,384
105,289,29,237
106,88,464,152
415,338,24,465
486,337,254,412
347,218,35,207
19,254,51,37
282,122,16,265
94,228,280,451
464,274,291,476
298,320,383,251
182,56,162,424
311,100,484,178
17,53,188,286
192,0,140,288
281,290,460,334
115,376,252,27
421,99,23,30
453,470,170,191
91,163,156,2
303,435,236,452
260,405,171,483
376,175,461,294
386,142,435,405
103,28,454,103
492,66,54,445
239,414,449,366
146,261,428,331
493,443,165,36
425,490,72,336
457,94,87,370
472,378,349,77
315,363,20,405
340,350,114,335
156,364,152,23
273,255,155,79
21,355,197,361
490,413,386,257
241,158,203,446
410,235,150,56
157,120,214,393
405,380,347,427
329,394,195,69
443,81,472,52
44,59,222,341
212,429,423,185
194,53,254,295
293,52,394,110
283,111,458,355
223,388,47,65
437,310,48,169
431,39,344,255
319,65,290,443
408,81,440,398
177,169,80,476
265,314,325,388
477,2,6,329
473,54,89,192
414,33,183,67
360,135,268,270
232,12,366,98
259,297,23,429
439,17,468,193
29,304,427,79
372,485,425,467
356,493,69,346
209,461,142,361
315,242,361,149
78,318,346,77
19,418,330,461
172,149,486,303
65,92,289,387
384,473,107,333
491,275,178,185
418,129,237,491
373,43,408,278
323,485,465,145
187,118,467,75
164,255,477,90
221,427,65,47
64,158,269,228
217,108,340,363
253,67,455,218
333,351,121,457
244,417,70,309
118,438,5,104
178,45,459,352
11,306,360,352
383,338,127,13
144,227,328,341
382,32,7,179
299,368,85,267
316,250,13,276
249,1,161,376
44,251,147,278
489,423,314,245
56,97,314,356
439,338,185,391
293,431,392,453
116,343,308,454
249,495,166,498
442,82,321,222
62,244,397,498
488,490,271,482
243,110,153,381
419,419,58,380
483,414,361,113
382,58,328,401
343,146,398,178
106,437,197,330
396,264,486,16
139,364,402,453
36,481,414,280
124,201,375,26
438,107,113,458
143,459,26,358
282,216,207,110
480,99,455,353
482,281,109,57
296,417,152,190
193,355,114,224
39,208,301,460
493,167,292,267
323,150,10,418
337,397,166,449
251,397,158,38
207,427,82,21
130,455,266,411
173,357,17,347
450,418,290,14
74,477,22,24
303,50,129,238
229,166,472,304
230,422,107,274
421,38,35,119
481,52,205,24
209,183,407,31
12,427,154,126
145,440,34,360
145,3,131,28
159,412,217,174
39,424,2,344
441,29,220,235
483,249,75,360
65,213,178,255
259,318,359,428
200,449,278,184
50,203,295,244
195,131,91,287
36,18,8,282
220,288,215,440
11,163,390,347
63,28,369,131
342,197,257,64
27,46,95,104
174,176,261,209
151,89,484,469
205,442,137,92
147,386,180,365
394,196,75,433
244,338,276,16
435,197,212,184
171,410,117,474
303,180,367,224
178,137,42,399
331,88,419,132
351,1,483,336
115,82,422,188
457,276,282,56
173,435,360,239
321,191,179,110
294,436,495,92
409,166,18,406
25,121,445,194
294,169,269,129
493,193,293,5
455,298,239,104
148,189,333,145
428,393,167,280
205,301,349,456
242,204,469,166
94,145,162,62
425,459,274,328
139,368,130,361
334,268,339,442
409,236,60,159
74,291,471,471
486,247,61,473
406,449,38,221
84,402,292,448
131,449,437,141
88,375,357,233
418,232,424,8
338,483,118,402
210,100,402,425
204,463,319,476
476,56,497,252
456,205,191,129
261,447,330,272
336,336,41,174
280,252,211,460
16,499,89,198
400,158,444,5
54,250,456,271
179,198,118,160
253,44,58,102
463,214,44,134
54,208,132,231
347,194,288,294
227,296,234,157
161,466,70,248
301,337,5,465
176,154,394,47
35,105,462,355
56,54,468,90
222,8,434,62
168,94,404,261
482,55,415,400
437,456,204,244
194,406,486,458
374,93,35,270
469,432,324,180
198,259,199,99
280,233,414,157
166,59,465,356
17,145,149,402
71,206,20,364
136,413,187,262
354,306,149,364
358,481,29,412
112,159,339,170
66,312,439,344
121,451,463,232
484,393,374,332
140,241,496,364
410,53,132,337
259,189,217,138
5,208,310,433
160,229,11,58
63,28,277,374
276,369,490,207
82,450,274,248
401,474,134,248
309,113,486,205
475,285,110,465
162,147,463,228
472,208,84,145
34,216,63,211
462,341,14,319
330,432,38,491
237,356,33,389
190,204,333,220
336,160,377,111
44,271,172,359
333,353,404,433
72,181,151,69
240,89,115,481
80,337,371,444
372,295,112,423
283,437,464,238
370,194,377,353
172,177,49,220
212,180,499,180
166,171,320,184
403,331,387,279
372,444,351,411
465,333,178,264
306,313,437,384
484,72,157,499
294,124,452,237
147,208,369,448
290,467,368,186
112,446,287,427
98,471,424,75
95,27,425,127
100,141,458,272
199,306,431,409
338,236,13,312
344,459,142,165
237,287,26,432
24,255,165,0
233,305,340,70
0,45,173,112
184,109,474,91
98,325,415,289
119,125,175,265
345,177,245,416
78,102,339,369
277,244,81,191
260,319,452,490
260,242,299,111
260,104,336,93
152,286,8,322
274,399,409,457
320,313,141,204
184,129,449,403
118,324,409,286
340,431,469,293
154,62,144,164
60,465,321,284
384,75,241,158
77,42,260,135
102,303,81,454
97,356,310,295
263,332,59,20
376,52,486,236
376,336,141,344
140,296,216,306
332,107,453,77
445,212,126,329
306,424,403,399
46,97,228,362
428,113,97,130
469,103,396,470
234,120,329,439
160,286,317,247
249,498,304,401
210,337,136,434
138,117,76,88
170,413,478,204
13,421,252,425
96,130,457,318
335,200,308,314
58,314,360,322
295,355,340,148
77,274,437,125
57,431,72,73
439,170,466,116
11,400,69,496
281,386,261,62
11,311,75,439
432,282,131,402
238,469,204,441
462,455,246,159
181,355,197,6
115,227,42,302
412,142,278,22
373,316,163,16
418,423,482,52
195,251,449,42
297,230,151,429
352,149,166,424
238,19,348,198
396,149,423,150
293,182,325,456
309,266,215,219
493,44,487,78
279,208,64,499
112,142,260,256
420,172,145,465
379,424,347,133
244,370,339,123
194,102,495,322
109,161,239,268
323,158,34,289
290,436,310,361
23,111,352,388
120,177,318,426
416,133,451,85
111,401,464,60
364,216,143,266
58,22,476,447
283,24,459,203
4,248,342,342
477,409,388,326
31,201,107,495
138,206,306,137
369,340,210,216
441,69,186,83
190,163,13,30
493,88,145,207
252,206,67,157
183,363,410,283
54,375,412,328
394,494,330,49
481,223,75,446
136,370,83,188
311,247,168,98
85,136,273,448
418,322,141,20
470,14,364,8
426,198,327,362
450,232,167,52
469,474,186,479
378,103,183,62
445,336,225,35
278,363,296,24
128,297,118,219
492,249,107,53
84,494,143,463
22,317,14,73
49,480,481,363
72,432,260,483
274,465,136,478
175,475,440,138
215,404,44,384
435,20,439,139
25,403,56,421
338,313,379,482
27,184,383,270
92,159,322,303
8,11,219,74
476,164,223,373
280,480,353,69
93,341,483,368
407,484,380,175
271,189,70,423
121,150,128,297
414,398,244,181
26,59,409,217
474,72,11,246
374,249,5,216
360,426,51,298
76,16,59,334
200,113,288,154
143,336,100,40
152,40,316,205
194,365,137,484
461,186,275,456
367,211,13,356
225,392,20,175
196,211,393,376
13,330,167,448
494,53,337,64
139,58,60,318
404,92,451,364
233,480,310,304
496,120,270,354
365,175,302,11
436,267,162,131
215,85,327,433
232,195,419,132
140,294,205,267
250,169,63,174
180,227,124,185
171,391,381,224
276,323,189,79
162,276,59,441
466,241,378,495
37,397,162,198
404,198,247,334
489,17,384,428
55,300,104,174
104,145,249,171
206,373,479,431
473,188,25,141
23,381,26,297
66,288,296,153
457,223,486,138
367,391,105,340
245,323,97,353
339,245,18,71
446,154,480,27
361,243,282,281
119,460,298,159
153,272,44,150
221,338,162,353
100,367,340,249
481,105,131,170
174,228,452,357
239,282,491,100
366,224,36,329
124,452,334,325
363,74,12,471
443,263,463,120
347,54,72,182
309,234,343,234
17,119,190,178
384,282,106,243
19,43,99,346
163,221,64,65
42,291,261,323
130,5,167,419
332,311,179,25
246,199,196,268
111,133,300,343
423,351,441,496
168,149,438,202
288,123,251,123
144,330,415,147
374,1,229,16
289,37,400,273
341,395,306,309
494,222,9,56
285,350,246,290
411,486,44,228
30,147,304,241
349,283,419,293
327,465,188,55
284,191,2,363
440,496,143,166
447,363,341,312
59,203,148,109
390,288,387,59
396,300,175,287
182,60,99,458
367,44,419,386
40,235,202,268
374,44,256,194
42,177,175,91
357,486,415,25
191,89,437,146
427,144,74,252
396,343,161,15
426,390,322,71
415,152,300,445
68,294,456,34
431,481,68,267
146,212,49,444
117,14,154,146
216,75,326,264
116,119,61,469
337,211,445,437
497,38,142,103
348,205,105,84
274,365,60,392
125,172,90,77
281,391,345,262
219,261,0,391
112,477,299,435
493,444,429,279
471,13,319,467
240,256,44,21
72,305,134,386
155,442,461,133
421,404,192,93
190,389,25,352
154,145,160,217
20,197,281,242
94,333,448,455
463,431,337,348
450,342,81,493
496,154,79,467
120,498,138,272
489,483,237,386
197,202,284,497
489,234,167,194
212,291,260,451
99,476,383,300
213,326,5,398
73,168,446,221
310,392,475,435
173,212,384,41
228,12,320,482
79,11,470,475
194,274,191,201
477,173,239,222
333,358,239,251
71,255,251,414
135,272,161,407
456,253,388,109
176,492,166,467
217,263,349,312
298,255,328,220
270,451,310,358
209,470,117,470
439,430,427,382
365,76,72,146
13,95,4,336
52,60,57,88
484,484,156,210
220,457,277,22
58,364,178,113
457,157,348,392
431,410,391,203
454,210,222,74
473,199,236,451
451,218,441,264
442,271,67,317
156,73,138,95
387,74,107,310
471,194,115,400
175,73,224,487
433,358,400,309
438,90,104,119
472,283,312,203
94,417,405,459
430,128,117,493
397,399,167,63
239,155,335,111
348,400,273,152
190,484,454,364
230,213,474,26
276,139,325,83
147,485,264,177
448,94,178,452
317,97,342,75
332,293,387,249
371,336,85,337
435,458,381,182
443,197,299,143
68,77,54,432
447,137,287,189
324,376,336,465
142,35,105,341
429,204,480,412
3,183,348,332
9,1,275,141
288,156,239,233
80,55,444,487
165,270,491,141
104,403,64,228
159,496,116,287
95,140,227,397
239,71,366,2
223,291,274,163
365,58,411,262
62,156,407,348
3,341,442,429
273,275,396,170
64,172,207,72
47,369,432,30
467,453,163,306
329,367,317,59
54,224,63,292
417,442,0,336
324,345,256,412
247,121,82,280
330,247,413,441
54,341,203,97
4,439,493,219
84,160,263,314
459,346,438,172
497,310,19,87
10,130,85,372
22,216,109,22
327,495,388,234
416,106,57,147
456,279,336,238
387,296,400,2
351,272,382,360
440,250,488,450
315,274,235,467
285,237,466,270
28,53,77,45
167,288,266,311
248,353,154,495
11,92,358,80
218,415,203,251
295,130,214,237
424,467,38,495
173,79,414,433
433,283,111,22
340,115,214,434
356,290,356,396
222,97,121,60
477,226,369,307
37,330,103,105
323,279,435,162
259,464,432,61
113,75,206,115
248,219,106,271
441,427,392,200
18,490,327,233
494,329,455,291
198,476,112,479
175,390,47,155
9,316,153,220
189,36,1,345
5,236,403,241
217,174,187,212
320,394,315,148
39,440,72,417
496,203,482,251
395,357,325,159
379,14,372,80
336,292,203,66
333,2,389,57
439,457,278,240
46,31,364,66
329,276,334,23
278,382,347,208
39,36,138,180
408,193,412,318
8,460,416,310
200,400,271,316
201,67,191,405
384,229,118,124
453,28,356,398
352,296,2,162
19,489,130,62
458,105,49,33
276,51,317,346
361,159,405,128
66,397,265,213
376,117,375,113
370,157,114,185
125,90,369,431
379,497,193,189
429,375,79,273
182,148,112,377
365,265,387,422
27,84,170,114
95,33,408,378
458,447,50,267
260,394,399,329
469,217,206,369
421,422,406,485
56,179,75,140
347,237,238,420
286,109,1,42
91,227,137,146
466,137,199,166
242,99,53,75
274,499,406,464
112,380,252,23
74,293,130,236
254,448,299,271
215,333,323,23
446,296,334,372
76,111,391,466
214,326,472,161
297,498,165,262
336,165,57,221
8,372,114,132
343,384,258,136
185,478,302,15
394,281,288,421
460,492,35,114
72,84,276,299
42,490,68,376
203,148,140,87
334,346,261,434
484,409,194,110
56,172,94,443
1,37,180,411
103,419,306,199
69,160,205,45
310,468,487,137
491,98,274,3
474,37,54,391
483,417,264,331
389,234,382,169
223,307,423,414
132,432,246,314
263,17,95,357
72,10,282,66
91,42,333,137
180,422,183,371
430,178,50,257
463,162,444,292
461,493,49,97
353,147,25,70
32,363,404,259
350,131,191,170
148,493,64,244
110,157,490,387
450,80,354,139
224,373,264,466
359,59,238,182
498,495,385,36
311,331,383,457
144,143,306,219
336,360,407,238
286,68,41,163
373,379,449,487
395,168,195,199
480,322,361,290
456,476,171,181
288,186,13,390
477,492,416,270
298,71,124,363
392,14,255,370
380,264,196,84
32,362,393,4
435,399,192,286
307,128,188,27
240,73,201,67
442,137,80,461
49,468,487,234
328,134,446,277
313,184,44,162
350,192,44,452
160,420,94,315
412,116,62,69
278,428,54,129
328,153,191,357
11,384,425,321
484,365,392,13
243,103,405,112
273,104,413,122
104,407,278,363
33,425,45,35
314,432,484,470
294,395,278,240
494,239,28,115
466,446,341,421
316,3,461,390
494,157,56,328
114,16,144,228
499,376,462,87
31,426,133,346
499,275,362,446
123,84,69,394
40,373,125,47
40,34,234,463
204,326,153,230
25,183,318,31
257,498,225,481
189,240,374,462
382,130,282,19
17,495,325,198
145,171,209,133
201,189,490,198
369,82,146,440
201,289,70,132
374,113,293,170
241,401,29,180
452,304,358,235
83,178,88,263
89,40,79,0
43,337,378,230
36,428,207,30
116,51,443,302
356,175,215,86
33,371,227,460
362,297,367,146
337,138,435,376
82,473,271,307
371,466,251,205
280,134,374,20
1,11,245,464
280,57,118,98
449,145,382,453
417,201,293,187
312,411,417,288
250,354,250,242
341,220,272,436
400,398,382,456
101,420,151,288
14,152,339,337
119,303,360,416
65,212,293,209
357,362,55,301
450,486,149,292
498,295,395,425
149,439,204,478
250,61,388,43
492,134,315,457
338,289,261,380
312,113,46,392
446,7,215,38
132,411,72,32
219,81,416,391
168,20,234,194
291,180,241,445
163,83,112,203
429,183,142,35
47,394,237,291
499,46,362,468
382,336,334,435
167,481,165,329
386,73,45,54
305,87,183,148
251,438,193,141
320,303,115,492
119,428,482,38
362,171,220,149
370,347,48,185
325,123,10,374
69,48,481,44
305,324,244,440
186,456,345,40
417,184,117,39
158,209,252,421
364,489,486,75
158,435,471,137
132,95,121,385
233,36,120,377
152,362,340,314
208,70,34,156
55,94,351,485
45,58,187,148
211,34,71,63
42,74,67,326
404,218,166,318
197,102,333,247
414,339,152,190
368,295,280,247
173,419,340,22
476,338,33,237
495,141,405,139
103,494,411,323
160,128,27,166
332,372,207,64
220,432,430,496
28,369,140,328
353,243,150,474
493,398,160,268
416,183,126,82
178,297,486,17
171,167,35,51
212,61,458,339
127,180,135,165
104,18,338,203
101,233,170,0
72,192,341,275
154,460,478,429
107,104,172,392
233,326,361,236
432,1,324,274
483,285,132,420
194,323,39,258
77,406,348,410
265,143,242,39
223,302,7,168
465,397,431,141
492,420,234,188
81,373,43,192
354,463,439,389
280,260,288,107
235,8,473,414
213,461,304,103
194,284,234,395
362,329,261,11
88,185,165,394
109,246,287,130
238,397,499,170
90,436,238,302
342,133,15,456
372,404,328,463
308,228,442,392
363,372,292,103
226,383,483,32
436,284,291,104
193,52,21,360
47,281,206,181
410,338,348,101
61,22,376,260
116,93,118,32
369,104,232,431
237,151,262,416
498,86,163,255
65,58,389,43
206,410,298,131
233,186,422,54
160,93,490,121
361,100,424,126
446,328,282,422
407,337,441,163
62,207,175,1
400,112,489,96
120,301,31,310
58,154,349,463
266,148,147,45
43,485,16,5
253,124,176,248
355,350,320,278
149,452,168,172
113,220,476,26
140,208,13,439
119,173,326,360
109,479,406,95
461,360,332,312
241,332,158,60
337,11,180,387
301,336,280,485
161,250,278,22
222,282,175,406
461,384,489,381
235,208,265,155
242,489,404,189
384,416,172,316
419,128,197,434
443,307,108,194
248,351,417,406
361,195,44,171
211,101,141,356
39,441,71,486
401,344,185,442
19,206,63,239
435,164,273,432
29,386,66,100
254,358,281,148
6,424,372,70
387,160,462,76
368,302,116,349
231,490,248,182
190,424,10,134
88,75,101,204
129,116,324,499
207,166,375,177
386,288,368,482
108,11,382,94
405,348,355,29
455,332,377,364
276,437,243,419
359,181,406,201
286,215,159,56
333,74,166,50
370,359,86,110
337,16,124,178
297,470,395,354
174,270,196,8
313,153,197,164
159,225,120,204
409,320,488,137
419,39,108,154
344,286,343,255
17,444,481,351
378,205,226,176
471,3,47,488
402,228,480,192
124,141,25,105
495,331,377,286
343,291,411,179
14,91,42,3
26,437,298,57
421,435,75,79
498,33,84,440
84,371,424,363
448,359,167,351
54,235,357,203
247,451,298,347
299,133,90,85
172,112,296,16
277,475,491,128
188,298,242,322
461,117,227,58
137,93,104,485
271,431,135,30
488,121,138,312
396,196,120,173
137,258,207,23
423,278,450,306
263,69,238,468
299,90,4,359
169,387,65,180
313,86,365,38
467,112,177,281
159,152,85,235
443,76,483,62
451,374,266,88
370,310,105,370
71,102,410,8
443,476,232,206
222,169,121,261
183,130,163,337
311,452,156,283
453,360,336,405
424,171,478,455
295,38,365,270
37,392,158,178
179,310,332,7
294,427,171,360
384,199,479,25
232,302,230,362
35,273,469,210
329,448,229,85
469,140,298,339
327,151,363,114
81,215,319,130
71,357,4,119
130,53,94,478
170,466,328,274
478,377,348,163
193,78,4,369
9,193,387,232
62,341,247,62
244,372,463,377
279,55,217,180
424,129,124,320
115,232,346,49
294,118,380,390
201,43,304,57
292,281,338,116
221,220,418,75
423,359,397,178
410,134,357,284
127,432,384,322
453,315,358,96
441,362,70,409
453,51,485,83
2,208,147,313
439,168,31,441
290,257,61,388
427,433,213,226
466,6,107,30
35,452,257,57
460,108,164,146
480,496,266,187
237,285,244,222
371,414,214,297
16,170,365,349
8,309,287,17
453,425,345,372
136,43,234,73
440,99,142,196
391,490,180,341
98,439,499,233
209,115,113,468
477,115,133,72
358,108,389,371
284,236,435,360
170,10,206,79
87,78,146,29
241,169,193,29
2,342,279,214
192,11,491,494
96,71,84,491
31,272,246,158
286,302,251,12
10,342,285,333
460,336,371,143
478,341,346,284
237,425,413,14
210,33,42,240
186,76,46,222
223,86,425,316
487,477,162,58
26,386,117,415
493,13,83,168
91,267,408,162
314,210,110,415
485,145,319,241
87,22,31,387
439,478,3,210
445,429,346,378
432,67,338,405
219,409,267,258
356,257,133,388
317,387,121,69
387,59,489,171
457,166,453,328
425,117,127,440
212,457,164,36
32,182,309,376
123,132,131,58
165,52,369,280
396,326,69,64
90,343,148,153
70,476,438,0
464,70,325,351
143,413,132,175
348,178,188,269
235,485,115,462
287,17,125,467
326,357,233,58
439,151,471,148
267,448,326,171
470,495,301,499
414,208,28,3
63,410,98,365
387,114,477,458
227,261,381,28
324,384,363,25
12,371,438,199
307,39,397,275
285,160,283,326
100,156,90,369
125,468,471,36
222,273,489,245
463,102,69,123
461,313,169,119
96,295,181,379
53,86,86,133
430,310,19,410
59,486,289,156
13,92,498,326
139,424,286,206
475,196,465,284
206,469,184,438
29,178,182,30
355,270,217,43
378,369,331,372
121,345,65,33
448,478,79,246
9,308,130,446
90,121,133,184
477,15,374,95
145,184,105,104
4,128,245,472
290,67,407,274
180,212,159,340
413,415,29,286
181,58,498,91
406,213,71,153
166,376,392,375
350,354,214,117
342,117,401,52
209,41,165,230
142,95,295,84
33,297,497,373
105,249,275,304
40,65,490,124
207,390,33,132
69,386,324,458
49,159,150,457
446,117,183,410
185,257,245,88
347,4,384,33
150,264,67,408
420,186,325,322
272,236,198,313
480,354,113,350
52,155,207,239
342,84,94,327
385,447,276,425
311,107,304,355
70,304,136,150
257,292,213,397
356,440,33,110
468,27,273,78
390,55,379,82
335,294,338,330
44,16,5,477
378,486,259,314
398,49,124,322
394,371,1,399
461,134,361,405
299,407,135,385
237,4,204,160
260,463,442,469
13,474,144,283
312,305,307,67
428,405,450,214
250,311,152,496
164,434,352,379
321,492,272,78
242,19,68,237
167,353,459,259
379,294,181,48
443,374,230,341
141,365,84,482
309,58,9,41
255,398,475,257
196,431,158,347
31,302,158,485
320,336,426,299
371,179,228,355
360,490,247,344
220,312,499,8
342,169,493,10
271,200,423,406
474,443,320,188
421,359,403,338
376,480,198,67
470,188,336,39
245,402,469,164
245,160,113,487
179,67,426,293
469,117,198,380
201,437,162,442
255,454,26,208
449,221,369,426
49,13,396,241
2,337,213,57
299,118,388,146
332,81,135,189
377,121,161,114
124,47,37,103
143,493,257,155
330,395,300,174
150,262,235,222
269,485,295,117
278,333,374,58
409,346,184,425
99,357,207,100
253,400,344,137
457,495,61,14
339,75,412,55
421,426,28,401
3,443,91,431
316,409,485,163
328,474,115,243
465,485,347,22
337,158,391,455
399,339,427,459
419,379,5,146
98,168,215,415
90,24,470,315
212,103,268,322
118,425,205,309
360,9,60,357
208,265,221,315
454,174,464,152
83,72,17,360
323,253,110,11
130,5,140,405
433,183,128,476
344,345,10,445
134,104,408,224
114,142,336,200
364,152,310,403
238,26,377,433
466,218,408,48
431,174,461,23
434,497,135,30
94,324,322,304
499,50,368,359
321,417,406,240
46,254,492,262
383,463,111,351
157,302,227,179
76,143,154,366
268,302,459,280
118,443,108,176
167,236,113,380
302,328,465,373
277,9,245,208
101,281,212,111
215,392,165,368
61,211,210,378
235,257,195,438
154,233,397,282
337,421,73,48
154,472,243,253
32,394,157,276
5,442,314,341
297,417,460,43
166,437,179,240
450,321,236,21
116,43,147,281
452,371,382,166
478,82,313,442
180,155,442,71
394,174,462,18
405,339,309,68
289,18,282,291
215,488,443,224
448,96,374,205
2,227,439,0
413,498,175,21
192,65,318,331
186,211,108,287
76,55,375,395
408,145,82,198
414,376,86,94
229,378,59,72
10,301,229,239
283,337,39,149
346,201,191,303
215,325,473,383
494,300,468,93
364,247,391,287
482,493,72,301
440,451,290,440
448,33,298,14
430,159,231,371
364,421,150,55
417,485,22,94
436,342,226,465
76,322,388,65
414,293,70,198
4,182,150,63
315,61,134,140
11,222,81,317
206,194,313,480
240,144,64,197
149,483,330,49
451,109,364,18
129,374,267,110
43,346,333,59
63,472,5,489
189,70,151,35
374,79,399,73
249,122,495,392
93,496,390,351
350,352,51,420
201,494,122,474
262,24,7,486
456,146,238,448
438,31,67,433
58,90,123,222
406,76,331,402
286,336,494,246
304,205,19,361
336,154,31,193
179,37,203,469
175,374,49,480
249,454,186,236
109,146,65,21
417,474,132,205
346,347,176,108
124,170,410,298
72,409,31,334
407,304,91,436
84,326,33,17
13,452,93,20
79,390,98,266
342,185,265,231
402,255,448,412
497,250,8,484
72,357,357,498
340,110,186,181
465,53,159,226
300,280,163,167
34,350,191,295
247,151,90,61
426,118,178,395
310,39,84,170
275,237,116,172
55,15,25,267
81,104,352,28
3,492,428,434
373,437,164,439
237,311,103,5
339,398,83,184
286,134,242,389
413,402,77,289
472,497,310,481
333,83,2,231
386,6,243,277
433,75,390,134
91,282,97,99
339,177,333,80
144,54,219,51
447,436,477,425
258,255,193,204
391,433,465,414
307,448,428,415
353,373,340,142
111,311,48,110
142,433,444,121
39,321,123,243
402,368,172,340
312,344,80,397
266,367,19,217
149,380,336,196
157,164,24,139
77,359,253,358
288,159,497,310
433,496,243,225
153,251,119,24
202,260,384,66
431,119,484,18
98,12,375,418
360,149,2,431
102,433,2,496
459,12,484,279
281,25,353,212
483,397,170,74
167,194,339,81
473,479,25,159
374,167,183,421
353,54,175,447
87,414,295,5
255,16,254,379
461,355,153,304
424,183,467,158
293,344,161,263
469,498,265,485
70,414,198,485
122,40,15,283
99,438,185,109
384,335,498,267
218,178,465,115
51,398,307,301
150,330,428,253
249,176,80,398
376,238,154,128
178,467,492,318
382,236,95,289
322,295,309,128
54,219,370,320
424,423,350,441
172,47,336,418
381,278,459,200
102,72,145,434
78,265,463,487
483,271,375,338
256,230,400,334
452,323,388,460
262,428,48,282
206,265,392,234
44,54,272,386
378,441,257,77
212,244,118,385
474,441,243,481
320,118,405,435
17,284,456,442
59,357,16,173
340,37,82,82
429,45,213,414
20,426,183,318
193,103,324,35
473,155,285,209
313,208,424,167
35,346,239,377
60,270,41,471
202,131,51,438
364,464,361,449
354,151,490,400
435,39,492,300
48,465,102,442
142,54,64,418
338,347,350,205
389,400,5,274
307,472,309,289
423,323,450,339
385,397,18,329
172,363,243,435
339,358,375,322
33,365,171,449
131,366,380,456
462,300,410,130
386,437,382,179
100,366,170,291
341,406,205,187
82,4,453,187
216,201,448,342
405,240,181,195
119,372,235,9
473,401,324,442
233,313,257,189
57,459,252,366
479,182,235,110
432,184,263,85
47,391,258,28
342,93,189,23
428,84,14,90
2,318,457,479
136,121,127,460
397,117,174,154
377,184,48,54
381,175,79,356
288,294,420,319
268,312,57,408
0,342,475,450
32,483,154,61
87,472,416,122
273,436,63,440
122,70,347,208
197,17,288,274
2,316,6,97
101,15,130,27
322,242,60,389
248,62,451,291
79,105,327,62
106,314,303,119
161,6,467,44
126,166,300,248
421,14,495,453
356,272,173,150
277,56,459,325
86,125,156,140
34,91,93,242
354,492,31,151
59,116,96,333
432,397,199,404
205,128,478,425
198,89,148,185
20,160,413,203
354,342,423,451
444,422,146,293
448,288,259,219
326,282,400,458
466,494,224,14
418,365,122,282
167,375,338,218
27,58,471,382
385,125,151,336
453,402,162,41
230,347,394,141
78,440,217,86
151,49,48,32
248,287,392,444
52,413,13,274
51,100,322,59
277,402,164,408
15,8,495,197
489,101,191,302
434,355,170,383
14,282,219,414
1,69,90,27
449,370,64,231
390,409,387,2
69,477,113,78
24,433,320,355
410,409,430,14
188,232,14,318
448,457,185,165
378,55,182,204
287,272,364,48
49,228,37,302
393,249,119,361
331,253,171,45
383,37,299,421
495,296,301,112
45,65,130,199
254,118,242,77
431,443,15,393
35,63,439,395
298,396,404,437
203,381,131,323
103,69,166,126
224,354,126,295
81,248,330,135
149,437,334,290
262,171,393,124
286,284,472,296
338,314,184,94
158,160,420,322
309,466,440,189
30,302,414,443
404,346,131,15
368,159,376,70
456,7,177,490
344,338,112,309
299,401,323,187
304,66,241,244
87,284,422,173
499,109,416,136
88,341,319,19
352,494,121,289
480,69,233,495
70,112,445,179
365,83,170,181
98,136,195,75
381,487,261,76
352,417,264,376
39,272,466,339
132,355,332,321
150,59,404,224
417,360,416,309
327,485,323,448
355,178,334,109
366,397,359,169
7,434,83,229
407,478,265,152
286,26,128,324
46,332,189,434
26,245,299,404
443,201,28,321
62,50,439,461
349,274,309,161
324,165,157,78
358,43,44,165
402,72,217,67
123,161,383,198
363,377,20,307
313,354,147,148
496,122,278,152
133,13,193,7
168,287,212,367
260,400,401,200
446,361,47,129
474,413,323,250
401,11,97,466
387,488,354,4
102,428,105,355
400,234,389,373
67,174,85,69
301,322,63,306
369,82,464,463
192,112,228,317
148,373,115,370
305,170,460,415
84,35,53,117
396,284,27,360
202,81,418,63
256,50,497,302
346,134,76,341
140,242,205,318
414,92,43,301
361,231,316,418
244,256,183,117
322,96,242,231
486,458,101,291
415,40,243,400
203,401,32,403
429,50,12,127
327,134,380,176
363,260,161,118
175,325,488,332
7,175,483,130
402,353,12,283
26,382,248,52
248,353,258,231
203,377,362,184
77,354,331,26
157,475,425,183
13,262,122,431
21,455,332,266
1,471,52,348
269,334,464,218
100,320,90,117
112,323,386,62
417,370,261,468
140,163,300,482
4,439,234,188
255,471,52,435
466,91,472,283
206,276,128,194
495,444,318,144
140,199,423,259
456,156,230,168
168,68,438,464
23,360,401,73
276,301,347,18
102,236,114,44
74,356,190,111
457,386,172,44
89,18,355,133
385,330,245,401
274,444,97,451
272,159,344,407
188,0,283,92
199,334,414,47
79,205,112,17
413,39,442,299
9,122,214,413
178,308,351,209
38,195,491,15
236,36,207,284
471,484,409,22
351,203,420,21
349,218,112,255
350,182,73,42
337,463,17,8
90,246,146,248
477,145,469,309
325,47,478,400
265,39,315,460
459,79,481,411
358,354,484,336
26,123,32,385
108,486,33,157
447,492,62,498
313,224,297,6
166,165,462,330
413,143,218,134
215,123,313,68
301,343,65,356
130,498,272,11
108,24,364,110
79,322,27,305
264,192,35,437
50,431,495,0
351,276,40,334
239,481,407,380
495,60,255,478
458,66,489,125
322,345,421,318
358,480,335,310
79,236,375,163
22,488,124,107
181,239,135,410
413,169,249,418
426,66,431,24
102,224,233,486
342,86,382,218
209,66,56,47
54,246,228,237
451,30,268,33
310,95,82,299
38,91,115,148
396,484,75,116
311,2,377,388
354,282,455,67
364,153,26,328
4,187,251,390
194,111,220,293
112,66,485,78
238,59,448,236
402,89,309,445
314,335,48,429
25,488,462,64
15,93,209,407
138,106,314,213
475,373,197,465
452,474,36,295
489,380,23,412
95,481,295,411
347,402,410,350
80,454,386,175
429,382,142,43
464,450,388,263
18,455,41,7
324,292,257,280
376,291,405,383
284,133,151,176
109,181,382,362
97,225,300,150
50,90,270,58
416,201,178,274
431,247,127,373
240,305,146,268
333,368,324,46
392,496,98,369
151,384,186,188
56,152,344,186
455,214,190,351
373,224,498,476
225,222,117,303
325,380,498,381
49,78,240,249
323,423,144,55
287,229,103,49
227,470,75,229
161,43,55,325
465,335,478,185
105,109,333,408
450,316,192,19
376,293,417,36
143,457,185,3
288,334,415,60
35,230,406,207
126,241,70,328
446,241,205,138
428,479,303,31
493,186,295,362
424,356,1,227
368,400,297,254
234,419,391,201
345,380,159,306
94,247,171,371
303,357,344,344
498,195,322,194
111,347,223,214
259,480,229,202
364,217,400,409
153,251,375,283
186,324,92,493
127,171,197,396
345,49,281,414
173,194,265,188
446,197,158,374
337,81,122,313
180,57,270,57
320,121,323,264
498,10,430,209
165,70,299,286
468,473,292,428
420,112,118,108
280,235,197,90
488,50,144,59
481,386,80,344
379,492,487,57
472,263,82,312
355,117,281,307
186,47,310,133
34,231,447,385
327,20,453,68
204,413,372,34
425,137,311,210
41,69,128,167
127,60,484,237
165,48,458,253
305,192,52,10
227,177,1,224
59,326,148,151
304,253,437,415
154,83,62,295
469,150,172,429
203,422,187,181
400,239,174,413
446,131,30,74
39,256,60,174
148,481,190,167
214,447,167,383
493,359,15,451
94,219,158,298
224,386,355,199
355,333,268,499
316,225,320,223
225,69,13,244
44,386,105,418
215,350,86,429
228,165,99,485
454,172,139,282
162,223,33,291
356,237,443,269
13,42,106,469
138,277,373,297
20,0,361,427
11,204,142,151
221,224,211,311
377,384,188,68
411,147,299,242
13,175,394,321
474,353,337,69
164,168,103,49
497,123,367,377
76,400,29,29
116,333,59,492
251,380,494,109
63,247,69,196
31,110,385,198
26,33,143,499
443,314,44,162
187,429,443,439
229,483,121,300
7,179,101,323
141,122,480,389
436,371,209,402
476,339,162,302
329,77,31,154
291,247,357,483
490,162,400,384
65,486,447,288
457,25,280,491
308,395,15,189
235,238,73,90
34,222,346,221
371,181,170,68
67,418,348,474
264,296,251,129
445,7,380,397
236,416,202,139
285,392,241,22
227,160,477,72
369,90,104,304
154,493,11,225
373,81,461,150
63,342,231,347
468,320,349,49
428,440,418,487
91,139,294,116
334,98,219,418
161,378,296,412
58,380,246,137
328,415,310,359
234,313,161,277
203,408,488,449
248,488,148,470
214,471,58,349
428,86,247,104
293,245,242,145
402,412,391,98
142,311,264,310
259,47,385,32
395,292,384,108
346,348,376,221
152,56,15,366
214,4,355,455
176,67,86,213
325,265,371,53
193,227,323,284
304,383,427,134
195,465,478,126
64,440,316,263
398,397,39,46
173,181,374,366
36,215,17,2
116,32,213,141
217,13,262,168
327,454,436,1
44,412,378,376
448,335,227,497
346,243,438,289
184,305,493,127
89,285,205,449
449,190,0,480
412,418,326,95
373,187,485,116
177,108,468,130
215,70,443,366
423,141,176,122
363,407,142,171
272,99,227,90
6,106,303,349
391,308,358,372
99,339,252,49
149,457,51,128
241,156,497,118
324,346,495,6
29,323,210,7
189,176,422,236
190,187,204,295
236,385,297,291
261,218,0,381
94,3,416,218
318,201,67,486
86,156,241,415
112,151,117,117
342,148,282,93
486,21,60,405
396,374,416,4
238,233,155,102
392,369,22,386
455,248,315,205
451,149,485,276
140,499,130,119
183,248,263,185
37,131,388,228
493,62,498,345
300,460,485,324
459,209,241,312
57,447,205,242
0,202,49,222
103,20,74,207
332,326,355,166
100,275,393,332
3,412,26,258
150,212,486,253
200,187,488,493
191,180,334,117
188,304,493,31
33,382,126,450
359,411,385,2
445,385,281,396
265,301,164,303
330,97,349,375
242,4,314,397
429,460,494,348
194,324,317,224
209,140,497,296
473,158,166,132
302,347,26,214
354,126,282,120
288,260,260,181
313,97,357,105
282,23,422,167
21,69,14,121
294,497,244,164
234,269,439,460
471,203,238,142
325,452,330,488
83,23,74,424
5,187,188,303
14,60,386,442
20,401,268,105
378,444,377,99
50,37,447,86
485,376,236,20
66,62,485,88
243,113,362,257
197,400,456,4
181,131,185,190
87,193,217,151
377,303,189,371
200,205,335,324
203,225,84,112
321,8,25,481
297,396,255,98
250,93,100,1
259,485,14,204
176,428,149,352
411,478,203,488
447,129,249,21
135,452,107,18
300,373,174,399
468,37,119,258
345,104,326,343
410,396,147,283
471,210,167,288
318,373,112,430
24,52,207,25
471,188,341,264
87,447,158,161
34,39,194,160
363,24,473,474
364,234,96,98
97,197,372,59
109,274,139,109
54,257,351,367
178,251,175,100
285,173,337,65
485,202,353,319
217,75,113,260
400,237,453,311
53,82,55,6
457,175,191,99
496,332,250,183
134,339,452,210
361,195,56,358
100,44,116,417
445,319,295,24
6,334,303,224
82,434,301,207
471,406,482,182
139,109,173,253
40,427,356,304
129,141,369,350
463,368,290,348
438,403,204,193
451,241,328,140
444,162,456,474
341,5,385,327
387,130,325,453
20,65,83,314
72,411,213,457
305,64,311,386
374,158,343,4
117,84,444,494
377,1,392,0
250,190,350,12
319,164,222,410
124,102,278,111
295,14,86,15
55,227,152,162
109,380,66,492
430,316,48,22
102,273,290,202
179,333,100,401
7,355,342,470
284,26,64,66
80,164,313,272
94,134,48,32
442,231,467,482
347,412,444,204
336,220,223,78
380,377,488,235
389,336,380,386
390,303,140,424
210,178,95,261
327,196,222,119
405,299,168,21
78,334,403,271
318,380,93,105
249,183,144,163
311,151,120,7
11,381,244,476
352,318,169,333
51,61,295,344
493,274,186,334
78,139,448,151
47,295,499,252
344,408,27,352
354,239,111,14
438,247,190,121
105,452,388,336
249,134,174,468
499,313,389,495
317,434,485,221
241,487,96,186
123,211,357,198
482,107,188,330
255,58,129,284
175,438,146,107
282,57,202,107
13,152,358,180
402,454,268,298
197,157,241,126
291,204,159,270
367,464,435,368
97,463,204,175
221,68,49,440
123,32,39,123
140,475,33,67
144,326,145,408
32,139,6,447
364,302,392,80
178,159,432,443
393,48,478,312
444,326,263,357
234,52,490,151
192,200,404,132
443,405,197,177
287,87,392,446
273,403,359,232
297,212,103,219
137,356,314,467
214,487,213,20
382,132,269,466
251,71,163,181
79,266,35,42
125,52,365,22
456,234,175,493
108,261,393,493
203,9,207,225
218,157,401,35
165,222,168,359
259,431,118,171
46,308,242,253
57,494,74,444
298,433,216,24
65,224,50,251
491,132,80,449
28,130,481,225
261,359,291,183
440,390,344,480
334,272,430,304
373,94,244,204
7,288,348,240
475,103,403,486
118,192,46,72
32,409,436,151
34,216,286,58
383,353,333,51
55,491,394,294
47,480,32,54
300,78,326,381
485,405,108,348
105,185,459,331
3,225,200,291
220,14,464,3
465,409,410,161
454,99,167,343
444,340,418,214
334,368,188,463
410,466,441,219
55,162,43,395
80,26,174,116
338,215,420,390
59,81,446,227
101,57,217,258
99,316,377,70
475,436,180,351
277,65,330,468
477,279,306,403
353,482,155,337
57,410,90,76
102,195,9,201
461,62,66,126
257,33,343,312
359,404,12,116
257,60,327,350
101,157,300,291
379,309,311,269
202,127,208,402
136,268,322,278
256,72,489,483
203,36,334,216
213,55,266,164
134,369,363,247
184,161,272,135
263,310,121,181
440,313,419,140
3,280,257,69
17,53,31,103
179,392,461,277
215,153,108,337
120,347,78,310
392,18,474,104
154,86,241,86
350,410,487,434
65,216,200,176
472,96,335,67
302,72,273,77
14,127,48,240
208,447,148,349
446,62,499,124
433,421,455,136
248,40,18,240
249,456,31,298
363,443,184,35
142,177,442,364
164,147,137,313
7,412,73,231
204,171,493,406
46,138,70,317
255,281,289,379
265,98,133,38
307,235,310,264
277,182,453,129
22,36,203,65
398,276,153,382
327,452,357,187
332,13,185,26
280,47,126,499
311,367,139,360
160,192,287,150
115,304,181,345
462,479,335,129
492,372,286,415
7,451,323,370
79,453,105,132
128,466,22,70
302,426,445,317
130,401,116,124
112,36,316,397
152,435,169,241
452,442,181,460
196,66,190,45
195,388,294,295
373,1,53,23
474,440,78,456
30,420,118,449
343,384,381,242
83,417,196,393
169,460,107,260
340,11,291,24
244,138,285,118
162,231,58,2
38,168,480,181
59,67,439,118
11,55,335,88
294,395,341,21
411,293,242,487
168,114,142,178
248,491,353,344
209,300,283,99
228,205,193,380
357,417,347,394
237,261,280,43
35,127,490,381
240,30,488,21
471,0,386,236
299,144,465,487
422,143,342,187
252,346,96,24
291,293,103,229
446,183,423,322
308,96,487,145
479,476,379,52
159,326,36,119
226,73,124,41
246,445,199,498
42,287,40,422
148,402,177,2
16,371,107,453
355,48,401,210
318,131,100,336
18,169,102,316
466,396,24,105
238,375,102,454
375,480,461,285
320,363,142,414
131,76,210,67
243,111,354,129
190,87,393,348
406,66,200,336
31,141,338,241
210,82,136,408
97,37,10,287
7,459,312,262
219,138,112,400
428,332,486,487
70,420,313,7
219,490,191,218
206,195,106,19
204,41,116,288
21,353,86,12
139,301,316,240
275,53,140,279
222,420,490,352
433,189,240,180
419,324,185,331
117,283,274,40
56,14,478,333
143,376,143,363
320,206,426,379
21,121,298,322
123,152,369,285
251,394,352,159
496,249,151,37
418,361,68,49
430,379,233,452
31,481,287,16
182,325,234,61
288,257,175,380
243,239,433,180
175,226,29,377
49,136,415,394
7,111,452,444
129,253,155,54
283,221,124,325
209,267,63,389
313,261,135,10
311,191,56,462
257,80,184,431
431,260,241,424
101,186,211,424
439,85,10,165
447,47,118,363
291,30,241,98
436,333,389,275
364,70,348,190
495,326,328,461
254,335,226,489
24,165,39,304
342,195,483,135
141,471,284,1
11,129,140,104
298,493,449,258
267,197,272,163
299,461,424,162
479,210,40,238
240,218,249,95
358,51,32,404
340,396,75,312
425,213,242,379
254,159,280,236
135,104,351,78
303,225,165,259
423,267,368,149
102,110,270,116
157,66,340,299
256,62,489,327
462,414,473,153
24,0,229,234
235,379,232,101
210,92,473,450
36,71,67,228
162,221,193,92
427,109,298,164
493,21,252,212
352,330,74,225
259,339,146,139
232,337,242,49
220,324,394,302
253,364,216,440
60,127,353,254
321,241,235,416
409,103,236,168
9,382,67,462
283,365,434,211
317,277,48,75
106,96,305,214
470,300,60,73
14,93,251,437
129,372,208,122
336,354,223,33
300,100,115,56
303,360,470,33
420,36,337,408
394,300,440,286
106,234,316,52
117,377,280,71
357,463,478,304
482,90,111,197
481,0,404,218
112,375,2,94
302,311,462,354
113,211,56,67
395,190,4,92
494,98,142,0
193,360,254,464
328,68,263,374
370,237,484,388
269,236,378,286
355,61,408,62
251,221,203,399
460,16,66,168
397,448,64,24
14,446,273,244
337,82,415,263
159,196,296,464
332,353,146,103
19,269,483,171
430,230,103,129
423,471,349,405
337,50,317,266
379,370,408,136
489,161,105,453
68,106,190,460
380,215,33,315
404,425,377,480
446,297,211,435
93,356,354,18
125,485,72,419
130,258,347,432
423,422,191,97
319,480,64,133
369,51,390,64
428,46,167,349
498,159,205,154
470,165,376,439
487,236,407,471
337,168,290,362
6,462,156,287
493,419,2,134
167,451,295,301
412,391,339,348
197,461,7,157
496,206,462,321
3,403,384,31
442,299,186,339
379,428,420,331
67,435,22,94
192,404,334,64
394,147,396,213
417,221,449,186
108,349,9,335
368,227,188,250
148,129,15,112
477,211,3,233
469,485,453,448
171,52,25,65
64,171,80,322
264,455,99,405
336,99,256,386
227,380,18,156
459,276,84,254
485,143,446,23
269,205,369,228
346,230,234,268
178,425,357,291
187,170,478,464
421,64,219,129
177,460,431,443
281,91,154,275
96,183,6,137
130,301,458,11
470,288,287,225
236,363,399,267
123,450,299,446
430,27,430,231
140,376,315,160
34,197,289,238
57,300,267,151
365,352,433,123
294,190,182,254
462,167,309,162
198,49,114,303
92,75,99,461
492,86,489,145
490,12,299,450
225,301,110,60
121,59,174,278
479,465,371,41
402,255,186,401
346,410,25,73
198,282,115,336
391,95,183,57
193,411,161,72
360,122,67,117
297,276,66,17
43,60,388,232
431,406,218,22
450,468,323,90
439,142,48,0
203,398,384,36
77,135,392,47
435,474,122,437
371,278,448,271
79,274,401,317
132,196,47,25
364,162,388,225
125,1,86,407
26,448,428,332
148,25,478,420
419,52,263,357
71,496,421,440
461,262,268,115
353,246,346,348
64,189,46,97
229,477,461,333
91,337,453,283
236,147,118,459
434,149,41,473
9,155,207,420
446,276,496,29
94,138,245,118
170,493,452,472
474,481,335,235
305,182,355,0
65,60,38,216
318,320,400,171
223,37,207,365
279,407,259,134
401,146,260,162
233,5,84,302
112,110,110,417
284,268,388,443
182,204,306,342
373,339,482,130
168,437,246,393
314,146,344,116
348,496,52,416
415,201,322,101
276,437,190,82
146,260,343,23
490,367,335,248
71,115,329,65
260,166,277,484
460,159,296,297
462,185,217,30
140,306,148,95
220,484,450,199
138,356,383,110
14,400,175,76
150,204,237,408
438,183,473,328
197,166,241,351
136,247,342,180
35,405,326,443
303,218,243,415
40,440,7,178
160,77,365,328
83,88,453,100
479,356,139,19
295,97,85,216
374,137,130,194
247,349,407,322
216,212,482,312
352,392,120,457
221,340,479,228
246,178,239,246
471,372,214,88
396,77,33,464
452,244,91,297
325,211,261,148
242,176,50,379
394,215,411,429
7,437,270,56
231,468,160,100
6,437,490,175
100,297,452,37
278,128,56,464
488,310,219,382
45,78,284,345
49,226,141,264
303,32,499,439
34,378,110,294
187,423,26,151
294,380,366,84
34,77,362,495
14,377,453,77
295,227,118,290
294,498,107,393
184,278,415,494
342,296,234,307
301,98,50,364
159,444,369,388
80,320,277,112
77,252,488,156
162,77,387,357
58,256,296,330
380,348,185,418
231,463,143,134
488,403,420,96
113,257,84,166
281,395,295,180
414,251,394,117
405,457,105,71
67,273,366,293
70,70,463,147
452,468,467,240
79,237,293,196
389,355,170,474
478,377,334,141
280,347,296,282
270,356,98,266
156,404,298,469
388,150,481,243
71,223,161,373
294,27,195,274
173,313,92,27
89,296,443,472
346,336,424,396
299,220,88,412
356,159,231,139
461,225,265,174
230,117,70,389
374,21,221,144
482,433,33,381
71,239,449,53
287,209,311,320
404,55,243,54
46,132,407,25
370,156,83,86
15,239,278,55
19,185,427,15
81,427,386,304
480,101,487,386
278,289,135,295
364,437,117,229
446,453,242,231
437,454,237,137
58,110,462,59
249,147,66,386
341,235,350,474
149,489,14,415
486,411,473,469
251,155,392,194
478,284,388,211
199,98,72,378
48,105,441,284
41,160,21,398
367,296,484,290
215,70,134,222
177,223,285,50
286,35,203,239
472,144,233,434
270,208,121,35
246,151,195,263
140,218,289,143
255,239,433,279
432,78,255,362
293,449,64,479
433,319,48,476
189,177,361,183
177,239,342,268
300,113,63,159
54,104,104,466
21,307,345,248
53,98,489,142
404,249,407,277
140,312,483,215
154,325,312,148
279,83,244,205
13,23,7,179
446,161,96,205
465,129,241,114
337,212,92,208
303,204,125,405
32,479,344,184
239,209,448,402
407,136,86,427
152,445,452,268
451,10,10,152
27,258,322,212
361,78,137,253
25,129,42,238
237,121,431,122
337,184,450,272
140,348,88,453
177,473,63,468
189,364,290,425
422,140,336,178
97,373,346,412
376,41,305,327
342,415,427,316
376,114,384,452
460,58,402,0
94,52,78,469
122,239,162,326
263,270,355,364
145,227,86,188
199,248,38,204
354,485,122,151
72,65,111,55
254,244,49,158
321,128,264,154
22,437,452,417
231,498,217,424
78,302,148,356
398,30,71,336
376,411,406,322
476,31,68,340
241,415,362,4
219,61,290,317
489,264,499,72
67,346,63,440
495,234,62,399
470,489,12,348
321,356,121,329
306,315,41,94
26,443,52,321
45,328,330,80
155,457,192,279
260,224,412,43
123,29,257,308
435,213,280,435
8,98,330,267
92,445,62,150
202,211,368,148
316,180,267,274
375,444,356,99
116,116,327,116
58,52,132,94
193,266,180,66
366,356,332,328
101,55,105,136
297,419,338,5
3,295,421,465
17,459,309,40
332,134,129,172
274,259,493,270
135,287,190,20
281,175,143,366
16,184,425,276
8,393,123,426
243,55,7,386
94,141,406,422
342,413,55,259
328,125,340,84
464,22,12,186
241,94,238,88
166,13,180,1
241,56,288,99
93,138,39,229
420,31,147,206
103,435,231,488
37,327,495,414
315,276,140,189
49,272,112,92
120,20,0,210
480,175,317,431
53,3,142,383
106,218,88,496
493,488,341,271
259,39,387,55
466,12,0,189
40,132,260,201
48,58,115,333
282,204,315,230
393,313,108,186
366,147,411,424
2,185,366,302
459,8,273,352
194,37,39,250
204,363,292,20
99,127,211,355
447,353,419,275
305,456,286,498
104,314,457,275
198,345,450,31
266,54,298,345
145,267,271,196
418,337,354,62
117,92,167,40
436,365,242,123
6,357,77,406
23,151,194,155
220,299,479,38
418,263,249,360
159,363,357,459
109,250,464,112
167,473,231,147
355,344,157,110
430,422,67,472
274,27,352,161
280,229,132,225
318,31,263,327
313,145,498,436
393,14,493,284
202,342,146,329
244,424,432,338
177,397,364,260
290,25,107,126
206,125,360,382
330,249,276,149
110,231,132,80
121,163,412,392
452,24,239,130
182,8,496,302
390,391,400,310
294,51,262,422
469,236,177,431
417,119,136,466
123,383,227,250
211,271,313,90
386,153,392,415
306,399,400,309
307,459,121,171
404,205,352,24
497,174,390,186
423,325,47,455
183,57,118,488
227,244,81,47
182,409,159,9
459,237,320,347
221,231,288,167
156,209,372,432
166,170,116,124
462,414,313,474
481,350,318,181
19,409,124,307
485,444,389,7
351,212,81,229
350,424,23,235
218,181,94,276
165,273,63,36
104,468,368,211
154,55,201,27
364,220,50,219
343,381,82,426
451,242,222,111
414,401,273,4
493,298,87,460
137,256,266,248
378,289,14,35
179,343,432,168
174,472,174,141
78,448,216,80
136,417,37,439
173,270,275,163
443,389,231,454
179,10,59,374
155,102,68,73
241,27,474,403
399,400,2,265
25,259,14,272
350,339,146,230
218,55,283,176
271,399,118,248
60,458,364,250
299,317,338,244
381,219,85,268
58,191,238,265
325,307,18,316
433,426,481,80
283,464,201,306
182,342,5,23
311,208,195,464
265,312,395,145
199,419,318,267
340,126,124,2
25,184,298,92
367,440,441,172
64,32,485,57
23,173,324,192
240,166,77,195
471,304,388,201
121,347,422,187
355,300,169,480
171,309,421,100
261,79,30,121
146,262,39,329
15,165,444,288
221,107,96,343
280,60,120,236
95,221,453,71
369,278,109,108
234,341,408,408
5,74,269,90
418,102,4169,347,98
333,06,196
84,313,297,2
281,132,59,495
402,286,7,239
477,363,189,470
79,142,270,396
366,350,323,257
144,399,64,444
245,59,420,89
59,476,306,188
499,254,9,182
46,107,292,406
24,229,253,482
130,379,254,365
22,53,282,324
163,411,341,322
395,5,146,152
386,107,337,202
15,436,377,63
363,375,345,132
349,8,488,118
142,64,360,375
366,150,457,166
200,444,45,438
181,10,211,193
431,181,81,157
315,236,397,364
428,277,157,10
489,67,363,4
290,406,191,451
252,223,235,497
106,391,144,228
436,270,392,307
278,242,494,127
150,177,23,352
6,46,362,85
23,338,50,63
350,217,465,245
383,26,288,429
235,14,436,283
397,409,180,389
392,411,15,492
39,486,120,429
446,150,83,328
62,225,199,195
452,315,282,103
25,203,41,318
290,193,198,422
393,180,155,13
264,45,175,165
367,250,26,166
395,247,80,290
157,350,8,484
306,62,206,444
225,66,245,181
369,67,265,434
314,50,19,244
195,17,285,336
230,394,143,240
235,120,415,358
278,462,355,212
132,127,347,375
487,240,370,213
135,85,219,48
416,332,308,273
100,420,276,152
218,146,116,75
181,145,173,479
108,441,468,201
233,293,389,452
10,431,206,55
479,186,456,60
390,2,170,112
227,291,433,46
319,174,163,398
135,440,327,251
295,434,302,443
240,249,266,414
497,223,84,211
399,368,50,117
478,425,333,337
436,80,148,157
334,18,35,379
250,364,130,442
131,287,304,139
125,436,152,416
350,238,345,479
208,296,484,448
398,483,458,323
286,252,272,35
91,83,471,1
291,474,491,385
108,244,225,286
97,187,398,389
156,275,136,69
458,318,372,234
359,92,229,424
336,329,318,370
89,461,89,473
140,236,323,9
217,373,157,294
49,378,81,373
242,208,125,9
468,37,179,85
435,194,100,160
301,281,440,467
313,432,244,13
285,92,479,51
287,56,396,405
277,236,165,170
367,392,447,453
190,443,429,93
227,319,148,208
349,199,298,11
447,159,176,146
169,179,333,387
371,148,57,408
148,239,334,148
404,194,445,344
86,245,373,210
335,253,331,38
457,406,257,82
499,289,49,253
323,196,149,471
119,240,475,109
465,130,240,242
441,137,450,481
166,416,200,325
40,200,459,128
242,195,91,71
230,132,115,264
279,232,152,16
184,82,400,144
84,172,403,401
244,357,89,478
14,212,158,303
393,305,200,471
127,346,149,382
230,218,165,156
435,52,482,163
369,341,181,113
315,237,232,222
30,111,401,474
146,422,428,324
86,287,198,177
92,432,52,103
454,276,178,294
137,368,218,459
349,249,348,16
434,366,164,14
446,398,455,409
60,80,359,48
67,261,208,383
270,495,194,162
288,497,268,319
41,321,193,366
487,30,19,308
1,150,351,107
322,315,467,151
373,484,445,236
393,277,340,149
444,323,434,206
474,392,231,430
449,190,289,347
467,477,192,31
406,41,388,206
257,4,168,130
327,480,56,200
78,272,361,291
281,230,254,174
463,360,393,82
421,461,393,341
204,106,231,73
260,130,364,289
222,331,497,311
364,328,247,448
261,47,435,469
6,486,96,28
482,325,357,402
11,6,486,17
169,440,109,310
207,61,31,301
29,230,3,400
52,147,195,244
38,63,172,448
283,180,52,311
470,157,444,182
137,167,286,433
450,481,406,342
187,139,348,32
377,462,107,222
163,303,78,428
403,265,404,175
365,480,358,81
308,87,139,341
398,85,176,407
165,215,168,342
306,420,102,229
38,116,288,104
45,248,334,359
232,242,384,163
331,280,416,179
185,473,0,466
333,95,281,66
329,51,222,305
355,447,298,312
8,407,339,85
335,339,190,147
384,479,451,200
309,271,226,253
295,368,110,164
310,109,342,119
458,486,339,355
410,156,331,124
253,274,465,41
7,91,341,384
175,376,262,173
312,325,324,199
308,469,321,215
443,99,103,25
91,51,157,482
288,449,256,199
12,444,261,67
28,328,270,363
421,32,427,191
21,254,19,55
203,420,426,193
313,341,82,418
265,149,478,359
34,294,414,416
239,226,332,379
420,386,308,382
36,378,111,267
22,138,195,121
193,323,372,31
369,186,220,145
252,309,460,96
203,165,281,79
305,317,180,10
57,260,109,391
184,260,270,375
222,210,86,296
91,144,343,238
381,344,48,369
271,116,473,475
430,245,37,252
93,176,306,441
403,35,400,134
472,39,485,351
167,387,422,237
3,21,137,330
62,124,276,226
188,290,47,239
324,4,60,288
361,493,133,77
184,344,458,246
174,318,249,37
2,234,465,202
291,74,155,270
152,179,212,15
306,313,494,90
11,266,441,469
106,269,148,66
165,91,156,243
433,484,81,478
482,242,381,1
91,492,42,377
365,344,202,350
338,26,23,185
90,181,483,222
374,94,470,165
177,99,421,338
180,332,261,378
188,234,184,238
362,44,146,174
26,177,19,209
27,248,218,398
219,441,303,459
116,122,140,447
428,266,110,61
390,201,193,169
64,16,241,490
55,190,389,227
337,109,475,427
199,70,227,110
391,243,209,391
133,330,280,50
187,137,441,239
213,72,304,145
298,370,417,47
288,202,73,332
29,166,39,6
39,54,463,326
172,408,274,223
226,449,493,319
427,291,343,272
81,311,192,151
317,254,73,458
476,8,263,154
496,20,190,300
436,459,75,86
399,318,222,364
97,364,130,402
457,495,222,326
396,9,207,65
465,374,201,306
387,94,230,14
210,57,78,432
96,60,357,76
64,476,57,118
367,263,433,165
426,264,4,452
56,84,37,399
399,485,139,117
387,71,247,102
125,97,160,396
443,242,330,470
385,269,237,148
343,363,220,472
1,24,444,424
264,430,433,366
235,125,279,255
156,444,94,464
84,377,308,181
184,241,341,166
343,458,69,400
217,154,266,448
89,287,403,109
92,396,405,14
412,43,332,14
100,291,432,198
111,191,364,275
270,390,363,106
461,120,176,116
210,200,305,259
387,16,89,262
289,459,440,46
331,60,393,30
265,408,40,250
2,268,149,222
177,431,84,237
480,337,63,385
39,391,454,203
483,273,234,149
429,352,76,340
318,435,98,234
310,102,395,322
147,323,257,331
321,252,367,438
426,55,44,422
271,375,27,421
330,144,314,381
50,223,155,329
174,363,185,214
280,69,168,109
419,256,442,429
463,168,62,320
220,385,213,17
259,305,35,147
76,422,63,87
372,1,83,421
85,102,29,377
56,75,146,170
301,207,41,311
465,47,132,431
419,104,410,157
312,109,228,30
223,265,77,262
249,434,214,161
77,172,288,161
167,476,143,440
413,137,358,297
155,439,395,163
303,419,250,204
116,420,309,12
489,87,461,27
126,343,409,399
213,28,292,353
264,130,299,201
346,485,431,283
270,433,167,466
204,293,197,285
461,227,150,249
497,427,227,120
428,479,162,41
482,249,194,70
335,437,424,363
88,3,442,455
271,481,93,297
176,26,54,318
425,42,386,156
204,385,185,496
143,271,319,453
169,174,475,297
11,393,345,245
302,421,440,35
61,226,294,254
424,192,214,103
490,78,304,74
417,214,328,274
94,353,428,295
79,406,373,152
65,243,351,175
443,76,232,231
252,231,432,227
187,259,435,140
115,333,11,92
79,192,52,0
420,484,304,88
471,120,43,41
454,437,49,109
353,15,96,144
406,313,207,191
267,168,247,106
87,476,267,108
346,91,75,329
478,173,299,87
230,379,207,288
110,113,97,116
324,35,54,157
227,173,407,103
405,147,82,462
327,265,420,438
48,332,192,240
269,163,390,340
200,375,106,227
368,420,310,270
59,291,198,95
319,115,480,429
226,3,43,179
57,434,43,389
487,193,369,93
447,204,28,156
53,213,229,21
158,173,314,21
449,128,360,351
376,377,35,407
344,418,233,15
218,51,391,305
280,450,68,203
435,127,63,206
202,35,153,21
181,321,173,252
310,304,271,463
288,485,360,83
307,339,6,491
496,25,233,157
170,348,272,352
293,288,348,182
497,426,360,492
223,146,138,50
284,416,324,189
209,494,239,445
234,219,426,443
174,168,395,497
356,297,430,282
327,124,141,453
258,173,368,115
71,130,109,427
40,499,193,133
413,72,83,338
33,216,227,488
281,480,264,25
444,170,83,197
47,405,361,455
182,264,301,61
415,54,340,331
316,420,186,52
338,119,402,496
263,248,477,326
440,345,107,432
498,96,300,437
160,172,80,207
426,86,401,416
195,218,204,127
226,183,152,250
412,195,279,141
336,170,343,454
19,195,385,253
128,493,201,25
231,39,132,331
210,157,223,292
376,473,368,142
356,235,301,362
128,475,158,364
468,315,239,89
380,158,365,255
68,461,409,70
356,91,215,199
434,20,256,405
201,15,162,71
321,89,184,385
73,20,322,206
248,473,457,117
482,419,336,252
389,1,118,264
349,136,110,267
281,229,456,195
474,18,106,395
468,328,382,279
72,390,93,289
143,42,436,394
459,19,193,244
337,314,423,297
362,478,218,253
431,265,330,11
422,405,364,263
272,12,153,447
231,105,38,201
288,492,413,419
283,268,196,470
80,198,367,168
302,372,12,169
163,324,271,171
357,144,263,423
334,37,62,72
289,360,429,139
377,267,154,184
277,365,214,114
465,428,443,26
46,472,24,50
342,203,302,340
34,179,102,59
117,255,385,276
497,178,157,181
174,235,477,415
107,210,229,87
285,8,261,229
96,490,186,338
378,478,177,52
407,467,24,4
172,12,430,442
145,235,7,224
241,383,145,438
113,226,330,443
253,407,291,256
483,140,7,273
26,447,55,269
45,122,390,192
183,146,395,327
474,115,32,481
438,87,246,76
271,140,303,29
319,113,293,62
285,285,437,197
407,85,255,144
462,187,362,218
13,14,143,239
322,91,400,415
88,347,163,420
423,476,321,93
191,278,179,461
340,85,106,393
132,397,97,397
49,138,97,464
420,297,491,394
80,79,34,430
287,431,241,93
485,46,361,123
14,6,464,397
414,94,328,461
61,35,350,248
435,230,357,470
189,137,3,279
478,282,285,67
361,34,346,68
148,105,413,331
61,306,383,425
41,224,117,330
48,30,14,422
489,303,178,221
114,254,162,66
489,70,440,337
351,179,469,489
133,127,351,104
276,184,341,392
209,401,13,195
199,346,279,468
273,73,88,390
436,409,238,375
82,169,274,362
85,227,126,156
283,122,149,438
52,14,68,453
336,366,35,473
168,438,114,344
356,352,464,52
167,171,399,276
290,409,318,193
327,49,380,300
225,329,123,498
169,404,75,29
467,248,128,427
42,449,280,418
384,461,446,444
274,178,295,163
475,460,64,333
128,128,77,202
387,469,492,269
436,302,246,387
238,462,328,443
95,425,498,47
139,317,349,247
365,88,227,205
337,45,236,37
80,352,125,260
328,348,125,453
313,280,487,333
405,420,404,162
363,254,89,65
142,75,26,225
417,446,411,285
202,179,295,31
110,333,420,172
122,313,24,90
161,187,177,188
292,297,17,426
100,107,36,349
33,385,125,221
400,419,179,436
165,126,337,418
344,259,425,155
241,17,316,130
240,138,430,415
278,366,61,76
177,369,250,194
296,125,314,424
415,481,358,159
362,481,153,216
492,475,271,277
202,41,134,363
434,290,385,11
393,130,133,157
364,173,235,316
13,43,142,457
301,34,161,377
31,163,133,14
310,92,54,264
81,110,254,426
227,144,385,391
381,195,185,401
154,465,387,346
147,116,46,445
424,109,22,299
186,137,473,79
277,346,443,392
369,339,281,450
473,256,360,484
301,65,100,255
86,460,464,53
235,218,391,63
460,430,76,253
361,156,0,149
14,322,461,251
247,110,85,62
438,353,18,293
383,197,36,386
307,496,378,78
221,395,100,168
267,291,302,454
298,309,313,321
409,419,231,239
124,89,270,107
3,111,122,169
103,250,254,372
268,369,425,170
43,351,60,406
228,272,32,250
143,134,292,476
136,303,154,454
313,71,317,128
145,363,198,326
312,171,437,93
186,407,476,376
453,376,30,261
434,375,143,414
414,158,327,65
498,256,468,201
189,238,472,12
169,36,296,319
6,318,223,491
173,122,8,168
268,318,147,370
272,360,339,498
6,206,474,434
470,264,302,344
139,405,116,23
294,258,493,405
405,495,55,118
488,395,67,346
307,168,226,133
455,181,89,384
39,35,117,479
325,4,416,290
96,8,30,350
454,376,315,244
111,246,446,250
431,307,252,59
61,453,408,92
311,190,148,151
360,25,275,4
180,72,423,5
254,309,377,400
315,56,258,369
284,68,320,12
452,487,162,429
371,361,88,29
425,305,404,269
227,371,169,441
489,27,307,457
140,195,276,460
73,462,324,108
294,138,331,34
297,155,96,132
400,261,267,497
365,58,346,302
21,306,143,405
81,265,383,387
58,11,21,408
47,236,302,286
472,198,237,441
416,329,412,360
320,33,328,64
288,320,52,220
119,363,85,81
37,396,222,399
333,315,139,11
454,233,394,250
74,31,358,63
157,41,239,330
100,281,52,4
159,292,217,194
285,230,168,125
346,239,398,150
325,145,448,282
382,132,25,383
219,25,45,267
452,488,403,358
403,495,6,190
279,428,375,461
306,271,326,377
154,225,317,39
394,3,217,162
74,66,127,257
38,436,191,199
108,482,146,426
10,409,10,424
290,269,421,206
451,463,9,168
479,494,477,94
374,433,289,326
437,121,433,354
313,223,483,81
483,124,297,423
358,117,196,329
41,194,384,225
310,403,188,432
493,188,260,29
347,135,197,282
489,246,124,148
360,103,286,70
91,119,426,355
296,95,198,120
126,306,468,85
110,406,108,388
95,328,407,487
254,45,428,235
392,183,260,242
249,93,33,76
5,405,114,359
371,325,158,482
427,112,361,135
268,150,208,170
190,315,69,17
228,90,200,352
233,403,2,499
358,464,124,59
131,195,395,338
76,457,388,465
53,104,294,61
301,385,189,166
469,481,359,317
7,433,143,181
439,375,400,308
401,444,88,162
436,466,2,87
403,292,65,204
188,175,1,326
429,467,21,254
285,15,47,442
369,1,330,80
185,8,162,242
381,198,76,180
416,230,128,292
35,404,224,419
184,152,321,295
235,282,252,90
277,9,324,40
407,466,307,271
352,253,208,160
391,364,193,73
465,147,147,300
172,439,447,437
135,339,373,311
123,91,258,482
19,457,300,450
305,416,467,356
18,492,151,375
262,432,91,261
77,165,174,181
227,3,24,463
22,481,476,111
54,95,142,333
92,107,71,238
14,357,212,387
400,472,345,135
298,186,105,320
410,113,484,391
316,148,257,380
446,480,299,180
112,331,360,41
131,227,432,374
218,19,179,151
308,319,441,15
60,102,426,124
383,23,293,438
483,260,390,356
254,488,17,442
415,185,447,29
131,254,427,141
321,190,245,145
147,234,79,476
29,28,206,109
213,15,446,27
457,242,85,218
368,237,281,213
405,364,184,186
125,77,343,485
148,376,476,172
300,461,127,300
368,143,117,241
91,278,336,252
279,9,362,161
200,364,401,3
39,20,35,108
196,87,255,75
457,277,184,186
443,194,344,27
237,336,75,221
86,488,467,235
329,48,446,297
99,143,449,411
444,499,428,410
154,270,263,338
166,233,171,277
357,16,483,60
260,94,96,386
371,453,222,431
431,425,321,197
493,219,248,14
307,186,427,467
201,452,389,330
62,295,413,200
210,359,152,399
388,107,331,17
35,188,446,472
259,267,442,327
387,418,336,311
494,169,243,0
264,134,407,351
442,485,236,204
263,93,278,382
416,426,465,376
252,415,50,56
200,255,53,432
351,444,234,125
143,490,360,326
362,66,329,342
272,322,286,33
435,165,109,473
280,434,173,346
350,149,295,398
247,53,282,263
88,347,159,341
388,117,5,462
18,98,488,74
276,207,395,47
6,453,422,169
371,477,206,347
233,315,417,422
152,475,473,228
75,19,292,451
22,358,256,184
294,460,122,216
470,160,219,107
246,294,442,438
393,167,239,194
150,433,204,139
432,69,405,374
233,357,478,366
328,64,11,436
296,450,310,3
207,282,167,120
44,351,9,9
233,327,128,248
171,487,314,384
481,82,128,185
328,459,235,365
491,438,22,307
102,42,212,263
398,71,40,22
8,125,110,318
219,433,255,315
0,271,154,486
212,28,462,390
320,106,256,194
6,140,275,437
203,116,261,169
132,186,486,420
16,242,27,208
140,340,8,281
273,315,68,397
321,435,391,95
443,146,55,286
23,444,325,375
114,403,79,321
93,315,304,57
47,459,214,303
177,122,96,8
101,476,136,193
85,176,452,83
497,244,335,141
252,337,426,322
101,124,109,490
279,390,259,292
366,206,54,371
402,305,47,405
380,451,385,194
82,54,450,470
250,42,199,240
118,314,344,236
257,494,118,109
288,77,349,408
229,62,14,186
328,304,295,133
347,38,203,220
3,116,3,146
149,102,93,439
234,486,449,251
497,215,33,296
371,384,149,5
236,98,403,497
280,107,409,377
12,227,53,190
119,236,113,353
344,430,6,307
33,56,10,200
141,181,475,99
497,482,346,241
189,2,257,174
158,494,239,269
231,420,459,417
268,447,169,315
127,458,109,494
162,94,308,359
295,497,495,293
198,129,221,122
313,334,448,311
494,149,69,395
239,370,259,295
237,447,391,293
388,296,168,121
385,308,307,246
394,176,338,232
142,301,403,210
335,452,464,464
85,492,378,316
90,70,32,347
43,148,495,249
362,208,270,236
455,145,345,50
91,387,334,7
47,94,108,234
6,171,253,120
202,316,498,290
274,474,426,125
191,103,312,357
260,278,225,385
111,346,445,497
183,40,146,432
55,426,208,209
363,201,56,116
497,153,477,4
437,67,29,442
30,373,283,53
65,350,86,313
422,410,113,344
221,361,235,169
46,182,302,304
217,251,150,6
130,389,262,457
478,440,415,476
335,114,296,294
272,460,419,227
26,479,144,80
337,47,284,230
386,358,285,493
28,140,310,257
16,400,323,421
328,480,255,279
444,314,117,452
372,37,4,282
199,314,232,140
396,434,370,161
388,26,39,164
333,17,251,390
190,120,29,49
322,0,376,331
51,122,463,200
372,348,402,290
7,114,8,466
399,238,490,278
413,277,449,238
85,4,37,382
216,224,101,263
1,238,304,208
480,103,166,438
446,429,228,304
429,12,268,363
32,387,23,36
58,237,144,294
299,135,127,224
377,273,242,346
85,279,359,319
123,295,16,276
154,277,418,169
480,51,191,256
377,66,37,208
262,114,456,278
368,217,492,17
196,28,229,380
409,401,282,339
363,206,128,380
302,13,4,352
440,240,315,150
312,43,11,212
458,10,219,177
63,374,113,434
431,13,46,288
259,108,124,246
440,346,194,329
336,177,79,351
165,140,52,233
108,40,206,80
210,29,331,417
211,333,40,380
60,120,82,393
185,280,71,308
481,375,312,243
244,249,256,265
226,434,462,427
418,11,483,452
238,64,259,463
309,140,473,126
248,332,153,283
100,67,358,89
70,229,416,472
134,45,412,322
316,299,202,99
159,47,338,472
275,443,254,351
39,414,26,33
242,495,21,9
114,317,84,296
87,157,90,20
324,363,88,424
80,466,112,436
333,390,340,327
414,464,406,51
208,45,161,174
133,23,372,412
83,180,31,381
361,155,486,355
110,462,365,486
467,445,351,258
274,217,407,315
251,291,254,404
99,239,487,168
327,404,480,424
276,371,399,133
98,66,392,127
101,55,118,133
474,121,31,170
49,318,25,211
326,6,341,445
207,339,102,253
94,68,114,140
305,127,161,396
241,479,375,218
310,430,404,86
122,230,196,353
316,237,371,420
154,96,313,482
406,488,0,316
151,182,128,25
403,324,474,377
356,225,211,210
126,403,390,264
346,493,256,338
469,12,286,236
485,415,52,251
288,229,269,158
25,76,192,474
451,195,315,270
273,237,276,126
46,309,186,351
167,361,434,367
464,93,121,235
82,439,454,91
399,451,146,47
389,137,195,391
197,421,205,362
396,31,491,150
122,132,404,280
425,13,126,387
129,317,86,339
329,0,302,134
411,490,18,170
380,339,274,0
406,82,109,257
257,289,237,274
485,132,218,248
206,245,344,149
46,7,375,410
226,4,454,389
328,384,489,103
142,344,136,162
489,197,185,393
361,259,497,48
324,22,30,244
373,494,487,439
465,328,421,189
395,77,481,186
473,191,421,410
144,377,163,309
285,20,437,492
187,494,72,58
249,91,433,114
21,267,439,264
495,445,497,106
83,61,348,183
478,246,169,374
244,459,131,179
423,242,389,459
91,257,144,108
269,148,260,37
143,144,69,410
162,167,469,77
54,120,487,237
416,365,430,9
388,23,55,222
415,338,300,262
485,321,391,29
402,450,209,127
492,101,293,172
278,183,404,441
374,136,290,173
389,317,22,286
323,417,451,10
282,18,244,318
5,222,216,315
115,208,91,238
413,276,192,363
6,466,119,231
240,81,329,439
89,234,229,120
243,342,360,478
318,134,485,200
236,31,352,10
388,257,18,14
414,228,317,359
468,15,120,216
218,29,47,397
124,314,131,94
338,496,18,358
491,70,258,407
438,456,101,87
479,359,400,13
426,222,466,476
386,194,254,359
494,311,160,361
488,327,104,421
399,125,495,180
357,399,427,234
334,244,33,92
388,283,201,45
191,288,306,256
320,342,370,364
83,107,320,145
231,261,103,396
65,305,146,101
213,80,289,197
76,240,247,414
372,415,231,350
437,61,171,441
95,490,137,293
202,254,275,271
71,400,228,35
446,89,454,398
264,32,451,248
450,19,371,341
159,238,406,480
383,463,160,394
266,298,197,201
274,162,372,297
395,395,342,105
304,430,394,491
312,201,129,481
484,333,69,114
446,338,7,83
52,139,472,39
220,114,214,445
414,412,196,421
495,371,77,402
340,486,211,144
412,68,206,405
190,100,415,30
169,234,450,2
498,194,155,484
48,53,451,314
252,275,431,257
23,218,457,69
143,188,105,125
416,98,296,204
69,143,395,410
146,380,110,431
137,324,12,411
90,326,482,228
25,470,300,452
348,173,132,245
200,238,202,375
258,238,440,303
196,13,14,212
70,381,153,297
72,401,496,236
246,462,492,2
99,119,164,287
326,332,123,434
101,130,462,305
208,131,310,247
38,415,33,296
211,347,361,260
348,112,491,389
284,265,69,363
338,345,191,346
322,51,93,125
276,357,470,143
71,1,124,299
476,241,5,64
194,397,61,78
373,341,315,429
450,291,74,190
236,91,369,204
260,354,223,11
212,247,441,7
136,228,230,424
425,156,78,19
405,351,433,403
392,227,466,291
81,194,352,352
100,476,238,259
352,424,139,402
410,437,404,490
387,0,149,108
498,278,32,492
37,266,188,347
224,231,28,274
9,319,56,314
413,438,36,221
321,499,154,352
38,282,299,168
259,243,479,295
276,420,198,287
281,311,406,492
92,231,191,115
260,134,448,446
93,473,353,290
231,412,16,168
23,491,89,456
227,10,283,45
255,46,485,34
335,320,114,441
279,451,304,204
418,86,356,309
223,342,3,298
166,300,230,411
14,135,304,29
390,299,437,106
57,354,266,282
129,311,72,461
102,48,255,71
20,34,8,10
374,147,308,393
212,295,222,329
6,413,7,244
237,404,343,257
364,207,367,11
482,291,31,1
201,219,299,331
106,435,221,475
129,90,121,431
487,301,177,354
180,499,216,333
42,30,202,9
380,97,373,95
30,420,367,334
434,259,283,220
199,292,496,174
78,187,23,388
72,388,101,428
28,296,363,65
172,27,137,114
60,355,491,310
351,300,365,475
84,237,143,288
147,486,306,190
383,109,309,98
220,453,296,388
15,297,149,101
314,257,186,185
68,381,435,454
235,319,473,255
199,231,480,388
96,28,442,125
336,411,1,420
153,42,283,205
490,306,286,167
348,138,442,61
200,224,372,113
335,218,332,470
433,331,155,186
242,217,93,21
55,260,132,491
227,496,259,192
24,326,442,150
121,105,483,346
172,238,177,404
323,425,246,446
222,443,206,1
346,224,46,217
286,259,429,187
213,291,431,306
85,231,203,126
95,226,279,373
39,48,157,67
262,371,302,304
33,447,5,439
102,379,87,244
420,99,357,58
248,299,276,262
125,37,15,200
147,482,190,8
252,220,399,133
291,243,293,46
410,173,130,184
499,379,354,98
225,273,352,135
345,199,143,324
103,304,262,486
22,75,72,368
426,64,310,474
456,123,217,21
252,362,115,212
471,220,482,304
46,421,133,52
281,412,122,142
333,247,269,128
355,213,66,261
341,65,405,292
392,193,326,225
254,237,150,498
291,387,205,371
438,112,493,97
286,160,149,91
318,17,97,57
22,169,334,490
291,185,140,443
490,37,214,32
223,309,456,270
350,212,387,329
384,6,312,270
464,388,63,339
140,316,415,14
200,215,289,95
164,497,26,144
3,239,167,464
375,467,72,180
107,78,275,48
76,132,454,89
226,193,367,325
130,300,236,58
100,254,21,477
137,2,124,48
122,205,462,1
90,37,41,332
206,59,432,100
42,261,155,286
56,436,3,42
361,192,459,40
396,481,108,491
69,166,288,433
187,228,255,270
349,421,242,99
443,281,192,385
366,364,489,249
380,434,366,179
113,10,89,413
167,339,173,45
45,206,89,275
432,108,6,492
424,353,240,216
459,334,280,445
445,34,89,163
416,403,144,31
416,62,265,78
458,466,197,284
393,236,252,159
301,296,403,165
235,300,7,163
256,489,159,497
402,61,54,440
451,256,83,132
425,332,305,38
128,464,96,245
388,432,98,333
150,196,88,488
439,251,139,388
81,43,453,297
393,63,165,383
300,414,84,401
395,356,414,295
72,445,98,171
109,378,287,47
321,96,186,182
200,320,251,5
447,171,61,162
317,241,385,278
132,243,233,54
368,194,436,216
366,60,53,351
438,288,13,147
149,230,54,426
158,37,48,353
92,494,116,247
415,287,333,157
228,195,81,437
45,374,335,343
274,346,144,495
100,412,429,332
247,247,440,469
269,71,464,399
395,3,214,391
190,238,472,19
477,378,397,193
490,117,295,344
449,9,459,212
329,339,95,48
252,224,490,354
499,390,11,278
311,93,228,433
392,329,373,324
357,375,125,144
437,78,264,355
213,37,237,377
214,61,407,49
166,499,317,433
135,444,53,163
385,68,409,213
446,208,439,373
98,14,142,72
39,153,213,273
152,203,115,208
483,175,273,53
456,20,58,301
75,374,224,493
475,207,369,173
211,68,45,349
483,14,70,41
370,204,190,246
144,16,202,189
431,7,13,219
180,397,440,187
283,248,263,451
161,487,364,108
486,211,105,161
443,453,443,202
275,361,228,477
265,193,423,44
150,349,279,115
205,274,204,313
307,327,474,72
192,393,25,275
18,113,335,396
410,454,294,327
492,462,308,314
120,329,349,368
465,437,220,106
87,51,380,65
31,34,334,7
201,422,27,409
270,410,1,129
409,255,279,255
312,2,92,175
251,49,38,332
473,59,299,332
358,470,7,134
322,276,20,496
169,405,265,143
194,485,205,3
298,384,486,215
289,476,251,96
92,204,491,47
405,388,257,419
108,499,304,410
8,462,97,365
99,115,169,412
296,450,252,455
287,154,321,394
255,355,476,496
449,61,136,70
202,493,220,257
125,288,213,31
400,48,38,246
447,204,106,234
91,135,371,140
226,328,295,338
132,107,205,117
8,491,129,241
35,280,28,146
299,82,182,79
378,233,32,388
231,29,20,277
369,497,158,99
368,450,111,265
91,157,15,375
282,398,365,99
169,401,363,135
80,272,71,240
142,385,161,193
1,351,342,194
430,413,302,481
391,290,464,6
261,300,151,87
189,35,209,384
356,424,447,150
182,267,115,40
230,431,105,375
185,399,148,33
318,401,33,351
212,313,259,160
469,102,405,216
359,202,163,38
261,45,433,373
425,43,462,407
350,283,394,268
80,109,412,254
395,260,143,407
460,376,332,429
6,349,79,1
385,282,429,378
3,132,298,351
311,172,67,36
211,217,141,123
203,380,235,295
159,392,280,488
189,11,367,24
95,267,69,420
40,187,227,426
16,472,161,447
308,416,149,288
224,487,81,415
176,429,434,107
52,108,57,139
316,205,248,243
38,447,423,95
174,56,317,497
34,205,313,85
212,452,355,471
86,83,92,149
7,452,60,451
323,176,312,387
226,308,480,271
466,315,170,24
368,408,204,107
296,364,138,498
487,251,467,256
110,110,230,351
465,445,147,267
211,460,282,278
260,220,2,220
91,351,183,136
247,85,74,204
246,461,424,2
32,275,142,109
118,439,138,339
376,279,467,197
316,62,432,97
204,117,246,474
82,228,153,66
262,491,153,399
79,38,170,26
397,299,256,415
413,407,294,4
332,454,178,331
155,177,490,171
167,93,462,365
139,286,410,63
272,102,170,248
451,151,264,437
365,451,476,332
382,21,362,493
393,338,460,433
44,330,296,462
194,184,147,1
393,24,434,141
308,244,146,191
83,434,437,33
235,460,418,228
341,53,175,490
328,139,305,265
323,437,386,247
451,313,20,156
371,434,207,99
291,230,377,125
467,481,4,366
79,350,79,332
338,52,89,188
34,222,380,180
383,153,184,498
432,265,348,432
489,439,96,147
184,3,297,289
154,140,168,67
382,20,121,288
443,271,102,378
320,68,241,239
203,244,114,183
225,90,214,183
79,288,192,296
160,156,288,469
359,362,415,378
189,455,62,109
491,410,425,83
6,309,381,337
330,198,426,349
45,323,9,147
227,47,238,310
492,116,329,3
435,33,373,271
353,148,216,432
189,99,318,236
378,51,14,275
101,324,40,84
101,325,460,462
366,296,248,335
236,447,190,427
262,369,487,476
170,445,319,384
20,249,261,77
391,293,135,329
292,388,87,366
106,409,74,67
159,398,22,445
211,203,32,25
436,421,155,342
128,106,189,32
30,325,196,367
481,120,300,170
347,293,50,429
25,24,339,387
108,206,168,76
185,176,452,480
284,168,456,262
40,128,8,312
332,393,67,393
149,147,157,368
334,207,125,268
310,324,130,378
264,51,85,373
488,17,56,283
58,114,240,498
17,108,134,353
286,195,72,354
365,235,117,324
109,373,267,102
391,363,447,72
308,390,273,91
18,176,312,499
420,244,265,201
28,136,132,376
320,138,151,310
129,2,411,144
89,472,1,297
26,299,8,307
324,67,480,220
356,59,370,274
78,429,334,458
257,10,285,155
375,87,1,175
393,482,298,147
352,390,379,126
455,38,186,316
132,267,401,315
464,491,258,297
129,331,186,262
351,396,278,220
133,212,267,451
406,496,351,380
279,69,4,454
252,245,443,385
149,290,314,152
13,72,269,25
268,49,138,314
334,494,2,299
155,43,481,83
124,83,178,190
129,126,33,489
113,429,410,284
411,179,38,143
154,358,120,400
422,152,84,338
474,65,469,46
162,29,84,481
417,174,328,207
26,339,271,252
420,378,14,93
383,162,125,412
426,410,297,131
300,155,166,288
238,8,81,216
432,315,390,63
146,476,371,8
77,123,417,468
119,73,404,451
152,115,430,182
42,138,425,373
116,155,242,455
61,333,5,460
477,490,160,34
289,39,413,161
488,250,68,493
94,391,160,32
116,126,352,97
147,441,4,474
14,128,213,332
85,348,0,289
257,269,235,408
346,19,29,35
324,80,179,230
303,279,406,333
1,249,359,433
321,326,167,431
43,205,69,238
229,255,175,185
181,30,343,120
94,295,31,191
39,75,327,431
274,122,407,354
276,334,136,209
98,436,9,162
371,430,15,124
73,386,259,81
7,278,422,422
428,385,368,26
281,172,4,4
461,168,347,344
208,321,97,123
477,254,366,14
493,142,347,85
99,292,16,453
373,152,263,224
18,140,30,105
79,19,201,207
344,310,453,499
158,375,438,24
79,360,309,126
255,394,133,236
362,304,323,197
331,229,50,303
222,412,314,24
180,375,93,124
340,419,98,322
143,192,456,255
159,181,379,144
329,312,196,469
31,171,380,259
351,228,230,198
342,443,371,289
17,183,374,214
490,233,297,437
58,81,65,195
319,205,269,247
149,394,418,430
14,35,224,290
457,195,445,170
180,356,139,266
475,360,164,359
407,236,318,36
375,355,427,101
232,448,426,231
30,470,185,3
211,177,331,391
22,210,403,36
414,287,475,195
137,248,389,489
7,169,54,343
42,429,363,22
122,444,447,76
327,159,493,162
487,277,350,232
123,240,360,337
100,309,483,374
190,84,424,349
371,146,240,46
442,300,189,59
461,6,498,134
314,416,169,238
488,367,317,155
33,385,421,22
248,167,75,237
365,389,15,145
228,250,184,49
474,60,423,321
412,462,214,353
279,139,431,161
280,33,387,139
486,307,84,313
25,398,383,221
48,345,162,406
231,129,328,41
102,240,354,165
181,371,73,377
284,17,3,95
196,141,71,480
210,458,223,210
101,468,215,177
190,10,171,299
42,113,176,55
220,184,25,149
150,405,273,9
287,355,307,376
1,316,202,374
461,86,421,68
92,419,416,163
58,191,220,431
238,421,344,122
252,351,130,266
483,378,319,412
396,251,475,32
102,242,144,481
446,282,4,314
469,273,78,151
194,493,217,39
110,284,90,71
48,453,155,10
98,310,455,397
427,99,441,323
384,486,215,176
185,140,18,458
409,99,92,448
317,348,362,434
195,103,40,36
93,73,66,309
481,194,454,344
373,64,9,31
56,453,62,230
321,150,16,356
230,102,67,119
133,128,460,431
154,82,486,292
294,452,382,499
327,240,134,270
364,110,473,124
405,304,327,24
308,186,443,403
167,363,375,410
474,429,211,324
435,321,43,454
29,425,347,316
172,216,199,289
255,97,154,364
443,321,140,250
166,13,118,342
494,365,354,193
321,345,99,375
471,371,346,119
256,38,158,102
421,102,219,303
469,335,132,339
328,347,174,118
437,98,262,82
378,154,262,477
488,415,479,186
312,292,50,377
271,331,264,404
16,376,481,328
365,450,111,13
96,478,213,252
306,483,104,96
120,189,274,225
8,307,343,124
229,36,224,344
254,101,55,424
226,72,174,200
139,184,161,21
451,35,473,303
19,123,480,274
325,44,250,489
